col_de_porte_daily.txt
(    season_year         mae      nmae  season_mean  predicted_mean   pct_error
0          1970   16.418007  0.311270    52.745283       47.779235   -9.415151
1          1971   50.419787  0.602593    83.671362       34.476033  -58.795898
2          1972   41.842466  0.741317    56.443396       25.387283  -55.021695
3          1973   36.969651  0.673446    54.896226       21.895047  -60.115569
4          1974   27.412831  0.428420    63.985849       45.719811  -28.546997
5          1975   32.289253  0.603299    53.521127       25.995698  -51.429091
6          1976   37.565088  0.648148    57.957547       22.425473  -61.307070
7          1977  115.598171  0.893594   129.363208       13.765036  -89.359388
8          1978   25.312537  0.637398    39.712264       28.213420  -28.955397
9          1979   94.496557  0.859867   109.896714       16.244755  -85.218161
10         1980   87.210389  0.810690   107.575472       23.253109  -78.384377
11         1981   68.088333  0.776771    87.655660       21.661561  -75.287893
12         1982   51.431876  0.736329    69.849057       21.004102  -69.929297
13         1983   84.817972  0.765843   110.751174       32.763884  -70.416671
14         1984   30.780708  0.601929    51.136792       30.724543  -39.916953
15         1985   64.811501  0.783042    82.768868       19.935636  -75.914089
16         1986   33.891105  0.599893    56.495283       31.347633  -44.512831
17         1987   47.527948  0.832384    57.098592       22.420496  -60.733714
18         1988   68.355149  1.930371    35.410377      103.636519  192.672732
19         1989   20.519292  3.525194     5.820755       25.273497  334.196220
20         1990   24.421279  0.462136    52.844340       30.559653  -42.170432
21         1991   21.367853  0.703129    30.389671       22.048937  -27.445951
22         1992   15.250019  1.696225     8.990566       17.229188   91.636298
23         1993   93.386863  1.673260    55.811321      140.203279  151.209390
24         1994   57.082466  0.889030    64.207547       20.918259  -67.420872
25         1995  106.856693  3.777045    28.291080      135.120779  377.609125
26         1996   21.423167  0.478780    44.745283       31.672500  -29.216003
27         1997   26.282748  0.517742    50.764151       33.494868  -34.018657
28         1998   40.693042  0.491927    82.721698       46.946163  -43.248067
29         1999   90.999045  1.298680    70.070423      139.563760   99.176421
30         2000   12.327523  0.680937    18.103774        8.709165  -51.893098
31         2001   18.458606  0.673649    27.400943       32.279389   17.803932
32         2002   26.193313  0.880866    29.735849       13.139558  -55.812400
33         2003   30.426690  0.611058    49.793427       23.602862  -52.598438
34         2004   21.124628  0.502967    42.000000       35.492959  -15.492955
35         2005   49.635123  0.880482    56.372642        7.727791  -86.291594
36         2006   15.814083  1.114556    14.188679       18.391399   29.620231
37         2007   21.613178  0.420613    51.384977       43.832273  -14.698272
38         2008   55.400975  1.038187    53.363208       -2.033004 -103.809748
39         2009   34.131727  0.941687    36.245283        2.714573  -92.510549
40         2010   10.673293  0.499170    21.382075       13.535692  -36.696078
41         2011   99.950356  2.458647    40.652582      137.945532  239.327848
42         2012   64.903794  0.768736    84.429245       20.546535  -75.664197
43         2013   41.065873  0.961879    42.693396        1.694232  -96.031630
44         2014   32.479311  0.788279    41.202830       25.012488  -39.294249
45         2015   24.073339  0.748339    32.169014        9.673375  -69.929526
46         2016   22.211881  1.179293    18.834906       37.920655  101.331804
47         2017   80.102249  0.969218    82.646226        2.543978  -96.921847
48         2018   39.501397  0.868073    45.504717        7.391298  -83.757072
49         2019   71.587620  2.412245    29.676768       92.453835  211.536066, np.float64(46.1039351381104), np.float64(0.9829727093683388), np.float64(53.467432510059396), np.float64(35.28509482163975), np.float64(-8.241236178051958))
les2alpes_daily.txt
(    season_year         mae      nmae  season_mean  predicted_mean   pct_error
0          1980  218.791221  1.315888   166.268868      384.725857  131.387789
1          1981  136.842486  0.550225   248.702830      140.124197  -43.657980
2          1982  147.906818  0.614877   240.547170      233.327303   -3.001435
3          1983  168.215902  0.698032   240.985915      404.713467   67.940714
4          1984   98.199365  0.533255   184.150943      138.865408  -24.591530
5          1985  192.102590  1.392476   137.957547      329.990242  139.196948
6          1986   57.388609  0.433554   132.367925      183.801810   38.856759
7          1987   57.541794  0.414110   138.953052      151.677700    9.157517
8          1988   73.508540  0.702227   104.679245      174.368252   66.573852
9          1989   80.669696  0.675034   119.504717      147.225455   23.196354
10         1990   35.345278  0.253140   139.627358      167.064063   19.649949
11         1991   29.199289  0.254405   114.774648      138.499480   20.670795
12         1992   30.230706  0.180690   167.306604      144.274486  -13.766413
13         1993   39.978130  0.252739   158.179245      120.678752  -23.707594
14         1994   74.742455  0.454453   164.466981      135.283779  -17.744110
15         1995  254.590718  2.287322   111.305164      365.895882  228.732170
16         1996   52.992710  0.362964   146.000000      110.317822  -24.439848
17         1997   25.843176  0.245585   105.231132      112.920489    7.307112
18         1998   47.964313  0.320548   149.632075      138.581326   -7.385281
19         1999   63.974468  0.431822   148.150235      108.543218  -26.734360
20         2000   57.020236  0.313672   181.783019      143.696610  -20.951577
21         2001   52.118293  0.588844    88.509434      127.180716   43.691706
22         2002   67.507613  0.396191   170.391509      127.950929  -24.907685
23         2003   33.311021  0.267574   124.492958      108.321042  -12.990226
24         2004   49.846992  0.738268    67.518868      115.062050   70.414661
25         2005   63.446383  0.707184    89.716981      105.854687   17.987349
26         2006   99.180614  1.056226    93.900943      190.077740  102.423674
27         2007   47.940814  0.477994   100.295775      107.486569    7.169588
28         2008   71.226737  0.929178    76.655660      147.880362   92.915123
29         2009   33.077406  0.260124   127.160377      115.883112   -8.868537
30         2010   39.910366  0.486544    82.028302      120.960643   47.462084
31         2011   77.812772  0.741737   104.906103      174.836541   66.660028
32         2012   69.952380  0.394654   177.250000      120.532968  -31.998325
33         2013  215.388414  1.957993   110.004717      325.393131  195.799253
34         2014   30.049346  0.278429   107.924528      118.448918    9.751620
35         2015   33.120820  0.260563   127.112676      136.428599    7.328870
36         2016   55.086925  0.747754    73.669811      128.601730   74.565032
37         2017   47.721056  0.329722   144.731132      110.254465  -23.821183
38         2018   35.477500  0.246428   143.966981      173.600511   20.583560, np.float64(78.59548598207412), np.float64(0.6039082609279015), np.float64(136.17465208928138), np.float64(167.418725850566), np.float64(30.791190308107407))
serre_chevalier_daily.txt
(    season_year        mae      nmae  season_mean  predicted_mean   pct_error
0          1985  30.472636  0.520354    58.561321       87.192795   48.891442
1          1986  51.488078  1.690487    30.457547       81.310854  166.964552
2          1987  47.222564  1.691910    27.910798       68.832059  146.614440
3          1988  84.054074  6.402969    13.127358       97.108933  639.744655
4          1989  33.365128  2.278070    14.646226       46.909598  220.284536
5          1990  74.961715  2.482719    30.193396       95.233138  215.410487
6          1991  66.904313  2.908883    23.000000       84.860399  268.958258
7          1992  35.412350  3.867810     9.155660       38.314559  318.479474
8          1993  69.178557  1.618926    42.731132       71.046219   66.263368
9          1994  41.626400  0.905851    45.952830       78.643884   71.140457
10         1995  39.406758  0.764727    51.530516       75.304736   46.136195
11         1996  72.389915  1.073193    67.452830       95.003831   40.844840
12         1997  28.813561  0.579112    49.754717       21.551776  -56.683955
13         1998  10.484819  0.436353    24.028302       21.206265  -11.744635
14         1999  13.004653  0.377229    34.474178       24.548283  -28.792262
15         2000  57.521295  0.905309    63.537736        6.016440  -90.530918
16         2001  15.008830  0.888543    16.891509       28.425483   68.282669
17         2002  28.523558  0.573773    49.712264       22.346848  -55.047616
18         2003  44.881375  0.718291    62.483568       17.602193  -71.829085
19         2004  11.096170  0.439781    25.231132       19.935453  -20.988672
20         2005  37.023699  0.753555    49.132075       12.394738  -74.772615
21         2006   9.115791  0.532823    17.108491       21.351346   24.799707
22         2007  21.514986  0.444275    48.427230       33.455995  -30.914910
23         2008  42.220744  0.708301    59.608491       18.798423  -68.463514
24         2009  53.338053  0.850584    62.707547       80.456051   28.303616
25         2010  16.187890  0.483561    33.476415       24.235178  -27.605218
26         2011  24.953272  0.667049    37.408451       21.632039  -42.173390
27         2012  48.817554  0.728672    66.995283       19.628482  -70.701695
28         2013  39.870801  0.626398    63.650943       34.602569  -45.636990
29         2014  11.270031  0.539577    20.886792       15.650264  -25.071002
30         2015  19.686268  0.605076    32.535211       23.258732  -28.512122
31         2016  25.278669  1.186950    21.297170       41.966514   97.052069
32         2017  59.041941  0.726291    81.292453       86.093207    5.905535
33         2018  11.859855  0.336855    35.207547       34.259895   -2.691616
34         2019  31.712643  0.690143    45.950820       18.152361  -60.496110, np.float64(37.36311273312409), np.float64(1.1715542029473796), np.float64(40.47194121528843), np.float64(44.78084403611232), np.float64(47.46914222946284))

tignes_daily.txt
(    season_year        mae      nmae  season_mean  predicted_mean   pct_error
0          1979  53.565795  0.371065   144.356808       94.270847  -34.695946
1          1980  32.115057  0.342216    93.844340       73.582563  -21.590835
2          1981  54.409169  0.418684   129.952830      127.300091   -2.041309
3          1982  28.572615  0.310652    91.976415      117.585019   27.842577
4          1983  25.141166  0.250342   100.427230      117.118663   16.620425
5          1984  64.568923  1.021538    63.207547      126.445654  100.048347
6          1985  54.648058  0.465819   117.316038      113.883580   -2.925821
7          1986  31.072529  0.323991    95.905660      115.083392   19.996455
8          1987  45.323580  0.454794    99.657277      137.500546   37.973412
9          1988  49.579096  0.701935    70.632075      117.382790   66.189071
10         1989  63.122368  0.990082    63.754717      126.666315   98.677558
11         1990  35.792884  0.385280    92.900943      121.085089   30.337846
12         1991  37.655490  0.486924    77.333333      114.318975   47.826261
13         1992  42.944942  0.391702   109.636792      132.541950   20.891853
14         1993  39.491284  0.416504    94.816038      129.583198   36.668016
15         1994  48.166669  0.385435   124.966981       97.673082  -21.840888
16         1995  55.170570  0.876115    62.971831      117.106012   85.965709
17         1996  27.934117  0.314533    88.811321       94.422008    6.317536
18         1997  48.627095  0.720603    67.481132      114.863508   70.215739
19         1998  22.423946  0.248673    90.174528      103.291973   14.546729
20         1999  24.904896  0.260381    95.647887       90.037793   -5.865361
21         2000  53.727811  0.827422    64.933962      116.675154   79.682788
22         2001  35.856940  0.621610    57.683962       89.177256   54.596273
23         2002  37.992112  0.610593    62.221698       99.712131   60.252989
24         2003  32.558585  0.431844    75.394366       99.112264   31.458448
25         2004  53.049994  0.861544    61.575472      114.209670   85.479163
26         2005  62.378315  0.833493    74.839623      137.216154   83.346935
27         2006  57.186815  0.909634    62.867925      119.870810   90.670857
28         2007  23.574912  0.282899    83.333333       81.183931   -2.579282
29         2008  16.455637  0.193553    85.018868       93.548376   10.032489
30         2009  54.761425  0.759580    72.094340      126.773117   75.843371
31         2010  56.389184  1.386512    40.669811       96.910914  138.287100
32         2011  34.744306  0.375186    92.605634      116.283038   25.567995
33         2012  31.868820  0.305724   104.240566       82.514299  -20.842430
34         2013  61.462142  1.087009    56.542453      115.090407  103.546895
35         2014  46.766342  1.034265    45.216981       91.983323  103.426502
36         2015  52.565130  0.715332    73.483568      121.564344   65.430650
37         2016  32.683979  0.513792    63.613208       63.972289    0.564477
38         2017  76.387744  0.483770   157.900943       81.631580  -48.302032
39         2018  34.654664  0.384206    90.198113      124.156080   37.648201
40         2019  39.467486  0.447660    88.163934       58.590883  -33.543253, np.float64(43.40884371017543), np.float64(0.5659243076033376), np.float64(85.08220695245686), np.float64(107.60778216526879), np.float64(37.359158819633635))
